%           Time                     Lat                     Lon                     Alt  fix #sats       speed         dir                 Local X                 Local Y                 Local Z rawlog ID              Geocen X              Geocen Y              Geocen Z                 GPS X                 GPS Y                 GPS Z                GPS VX                GPS VY                GPS VZ              Local VX              Local VY              Local VZ       SAT Time 
1261229022.0000      0.6409001729632727     -0.0781901105352869               62.900000    1    9    0.000000    0.000000      0.0000000000000000      0.0000000000000000      0.0000000000000000    306 5102986.0869294023141265 -399818.1670427707722411 3792647.0018258248455822    0.0000000000000000    0.0000000000000000    0.0000000000000000    0.0000000000000000    0.0000000000000000    0.0000000000000000    0.0000000000000000    0.0000000000000000    0.0000000000000000 1261229022.0000 
1261229023.0000      0.6409011328943615     -0.0781901105352869               64.400000    1    9    0.000000    0.000000     -0.0000000000592960      6.1083373422671396      1.4803601157525099    697 5102983.6473257681354880 -399817.9759002051432617 3792652.7910442338325083    0.0000000000000000    0.0000000000000000    0.0000000000000000    0.0000000000000000    0.0000000000000000    0.0000000000000000    0.0000000000000000    0.0000000000000000    0.0000000000000000 1261229023.0000 
1261229024.0000      0.6409020637366291     -0.0781899360023617               64.700000    1    9    0.000000    0.000000      0.8933675858635053     12.0278611474366350      1.7613156901985025   1087 5102980.4288184484466910 -399816.8276252091163769 3792657.7145063211210072    0.0000000000000000    0.0000000000000000    0.0000000000000000    0.0000000000000000    0.0000000000000000    0.0000000000000000    0.0000000000000000    0.0000000000000000    0.0000000000000000 1261229024.0000 
1261229025.0000      0.6409028491347926     -0.0781899941800034               66.100000    1    9    0.000000    0.000000      0.5955781737173643     17.0261512107906192      3.1452368166572180   1475 5102978.5475369580090046 -399816.9789291300112382 3792662.5544140529818833    0.0000000000000000    0.0000000000000000    0.0000000000000000    0.0000000000000000    0.0000000000000000    0.0000000000000000    0.0000000000000000    0.0000000000000000    0.0000000000000000 1261229025.0000 
1261229026.0000      0.6409035472664933     -0.0781899941800034               66.700000    1    9    0.000000    0.000000      0.5955779208623551     21.4670028728674964      3.7309444945151498   1868 5102976.3809789372608066 -399816.8091798993409611 3792666.4712276188656688    0.0000000000000000    0.0000000000000000    0.0000000000000000    0.0000000000000000    0.0000000000000000    0.0000000000000000    0.0000000000000000    0.0000000000000000    0.0000000000000000 1261229026.0000 
1261229027.0000      0.6409043035758357     -0.0781898487358991               65.900000    1    9    0.000000    0.000000      1.3400494014480555     26.2732573219629302      2.9154650505114343   2256 5102972.9333176501095295 -399815.7923031458049081 3792669.8474562331102788    0.0000000000000000    0.0000000000000000    0.0000000000000000    0.0000000000000000    0.0000000000000000    0.0000000000000000    0.0000000000000000    0.0000000000000000    0.0000000000000000 1261229027.0000 
1261229028.0000      0.6409050017075366     -0.0781897905582574               65.600000    1    9    0.000000    0.000000      1.6378372311563558     30.7112110354762962      2.6011708682406365   2640 5102970.0708188889548182 -399815.2693263665423729 3792673.2261375910602510    0.0000000000000000    0.0000000000000000    0.0000000000000000    0.0000000000000000    0.0000000000000000    0.0000000000000000    0.0000000000000000    0.0000000000000000    0.0000000000000000 1261229028.0000 
1261229029.0000      0.6409055543951331     -0.0781897614694365               65.300000    1    9    0.000000    0.000000      1.7867307075488306     34.2243894267053506      2.2898527830918525   3030 5102967.7479440579190850 -399814.9379797012079507 3792675.8635553685016930    0.0000000000000000    0.0000000000000000    0.0000000000000000    0.0000000000000000    0.0000000000000000    0.0000000000000000    0.0000000000000000    0.0000000000000000    0.0000000000000000 1261229029.0000 
1261229030.0000      0.6409059034609835     -0.0781897614694365               65.000000    1    9    0.000000    0.000000      1.7867301603602965     36.4428826644742685      1.9827041174019229   3417 5102966.1851969705894589 -399814.8155392585904337 3792677.4632060891017318    0.0000000000000000    0.0000000000000000    0.0000000000000000    0.0000000000000000    0.0000000000000000    0.0000000000000000    0.0000000000000000    0.0000000000000000    0.0000000000000000 1261229030.0000 
1261229031.0000      0.6409060779939086     -0.0781897323806156               64.700000    1    9    0.000000    0.000000      1.9356239984404815     37.5516459475411111      1.6791302295204531   3810 5102965.2955875732004642 -399814.5964883544947952 3792678.1733429208397865    0.0000000000000000    0.0000000000000000    0.0000000000000000    0.0000000000000000    0.0000000000000000    0.0000000000000000    0.0000000000000000    0.0000000000000000    0.0000000000000000 1261229031.0000 
1261229032.0000      0.6409061361715503     -0.0781897614694365               64.500000    1    9    0.000000    0.000000      1.7867297116030143     37.9209114431484693      1.4779394672054806   4198 5102964.9036337034776807 -399814.7151294258655980 3792678.3502629534341395    0.0000000000000000    0.0000000000000000    0.0000000000000000    0.0000000000000000    0.0000000000000000    0.0000000000000000    0.0000000000000000    0.0000000000000000    0.0000000000000000 1261229032.0000 
1261229033.0000      0.6409061652603713     -0.0781897905582574               64.200000    1    9    0.000000    0.000000      1.6378354566228199     38.1048997640686196      1.1773451349412021   4588 5102964.5420206338167191 -399814.8361476622521877 3792678.3191385529935360    0.0000000000000000    0.0000000000000000    0.0000000000000000    0.0000000000000000    0.0000000000000000    0.0000000000000000    0.0000000000000000    0.0000000000000000    0.0000000000000000 1261229033.0000 
1261229034.0000      0.6409061652603713     -0.0781897905582574               64.200000    1    9    0.000000    0.000000      1.6378354566228199     38.1048997640686196      1.1773451349412021   4982 5102964.5420206338167191 -399814.8361476622521877 3792678.3191385529935360    0.0000000000000000    0.0000000000000000    0.0000000000000000    0.0000000000000000    0.0000000000000000    0.0000000000000000    0.0000000000000000    0.0000000000000000    0.0000000000000000 1261229034.0000 
1261229035.0000      0.6409064852374009     -0.0781897032917948               64.500000    1    9    0.000000    0.000000      2.0845174564141056     40.1403710057458625      1.4707878641481713   5365 5102963.6038776468485594 -399814.3145933798514307 3792680.1292892335914075    0.0000000000000000    0.0000000000000000    0.0000000000000000    0.0000000000000000    0.0000000000000000    0.0000000000000000    0.0000000000000000    0.0000000000000000    0.0000000000000000 1261229035.0000 
1261229036.0000      0.6409068343032512     -0.0781895287588696               64.200000    1    9    0.000000    0.000000      2.9778811686521669     42.3588639609595319      1.1636367795886287   5755 5102962.1109098857268691 -399813.3015180256916210 3792681.7289382871240377    0.0000000000000000    0.0000000000000000    0.0000000000000000    0.0000000000000000    0.0000000000000000    0.0000000000000000    0.0000000000000000    0.0000000000000000    0.0000000000000000 1261229036.0000 
1261229037.0000      0.6409072997243851     -0.0781890924265566               64.400000    1    9    0.000000    0.000000      5.2112904070464801     45.3187888576182729      1.3540967169040670   6148 5102960.6811582287773490 -399810.9492433427367359 3792684.2205564808100462    0.0000000000000000    0.0000000000000000    0.0000000000000000    0.0000000000000000    0.0000000000000000    0.0000000000000000    0.0000000000000000    0.0000000000000000    0.0000000000000000 1261229037.0000 
1261229038.0000      0.6409077942343397     -0.0781884524724975               64.700000    1    9    0.000000    0.000000      8.4869559444498535     48.4639928234052562      1.6439564393713262   6537 5102959.3024727404117584 -399807.5555192332249135 3792686.9202183764427900    0.0000000000000000    0.0000000000000000    0.0000000000000000    0.0000000000000000    0.0000000000000000    0.0000000000000000    0.0000000000000000    0.0000000000000000    0.0000000000000000 1261229038.0000 
1261229039.0000      0.6409083469219362     -0.0781876961631550               65.000000    1    9    0.000000    0.000000     12.3581945143365584     51.9791091286104034      1.9326191328557378   6926 5102957.7497994918376207 -399803.5507649525534362 3792689.9163835570216179    0.0000000000000000    0.0000000000000000    0.0000000000000000    0.0000000000000000    0.0000000000000000    0.0000000000000000    0.0000000000000000    0.0000000000000000    0.0000000000000000 1261229039.0000 
1261229040.0000      0.6409089286983536     -0.0781869689426333               65.400000    1    9    0.000000    0.000000     16.0805363182768133     55.6795047049044385      2.3206809470490910   7318 5102956.1551502421498299 -399799.6920749415876344 3792693.1205922062508762    0.0000000000000000    0.0000000000000000    0.0000000000000000    0.0000000000000000    0.0000000000000000    0.0000000000000000    0.0000000000000000    0.0000000000000000    0.0000000000000000 1261229040.0000 
1261229041.0000      0.6409096268300545     -0.0781862417221116               65.200000    1    8    0.000000    0.000000     19.8028717996685018     60.1177870789576332      2.1063553051038468   7713 5102953.6400263961404562 -399795.7612722309422679 3792696.5590525357984006    0.0000000000000000    0.0000000000000000    0.0000000000000000    0.0000000000000000    0.0000000000000000    0.0000000000000000    0.0000000000000000    0.0000000000000000    0.0000000000000000 1261229041.0000 
1261229042.0000      0.6409104413170387     -0.0781857472121569               65.200000    1    8    0.000000    0.000000     22.3340524283977580     65.2965327970354963      2.0896407864051909   8099 5102950.7506738482043147 -399792.9959540886338800 3792700.7101029315963387    0.0000000000000000    0.0000000000000000    0.0000000000000000    0.0000000000000000    0.0000000000000000    0.0000000000000000    0.0000000000000000    0.0000000000000000    0.0000000000000000 1261229042.0000 
1261229043.0000      0.6409113139816647     -0.0781855435904108               65.500000    1    8    0.000000    0.000000     23.3762941548996608     70.8461532310937798      2.3717313593728093   8488 5102947.7642483916133642 -399791.7165322823566385 3792705.3370320107787848    0.0000000000000000    0.0000000000000000    0.0000000000000000    0.0000000000000000    0.0000000000000000    0.0000000000000000    0.0000000000000000    0.0000000000000000    0.0000000000000000 1261229043.0000 
1261229044.0000      0.6409122157351115     -0.0781856308568735               65.900000    1    8    0.000000    0.000000     22.9295994534182448     76.5810480560472513      2.7532248814735993   8875 5102944.6311817783862352 -399791.9191206657560542 3792710.1720029166899621    0.0000000000000000    0.0000000000000000    0.0000000000000000    0.0000000000000000    0.0000000000000000    0.0000000000000000    0.0000000000000000    0.0000000000000000    0.0000000000000000 1261229044.0000 
1261229045.0000      0.6409130593109166     -0.0781859217450821               66.100000    1    7    0.000000    0.000000     21.4406516616091203     81.9453851768038106      2.9359122614178688   9263 5102941.4773886790499091 -399793.1655323666054755 3792714.5908828550018370    0.0000000000000000    0.0000000000000000    0.0000000000000000    0.0000000000000000    0.0000000000000000    0.0000000000000000    0.0000000000000000    0.0000000000000000    0.0000000000000000 1261229045.0000 
1261229046.0000      0.6409138156202592     -0.0781865326103203               66.600000    1    8    0.000000    0.000000     18.3138811070400180     86.7558231224897014      3.4203901885460652   9651 5102938.7661540675908327 -399796.0894605774665251 3792718.7443846175447106    0.0000000000000000    0.0000000000000000    0.0000000000000000    0.0000000000000000    0.0000000000000000    0.0000000000000000    0.0000000000000000    0.0000000000000000    0.0000000000000000 1261229046.0000 
1261229047.0000      0.6409144264854973     -0.0781873180084837               66.500000    1    8    0.000000    0.000000     14.2937541548702090     90.6395480641870392      3.3078555100546936  10042 5102936.0569391427561641 -399799.9096412554499693 3792721.7978708655573428    0.0000000000000000    0.0000000000000000    0.0000000000000000    0.0000000000000000    0.0000000000000000    0.0000000000000000    0.0000000000000000    0.0000000000000000    0.0000000000000000 1261229047.0000 
1261229048.0000      0.6409150373507356     -0.0781881034066471               66.900000    1    9    0.000000    0.000000     10.2736317810286089     94.5248902275919534      3.6953133136162037  10432 5102933.7472695922479033 -399803.7611216590739787 3792725.1503201858140528    0.0000000000000000    0.0000000000000000    0.0000000000000000    0.0000000000000000    0.0000000000000000    0.0000000000000000    0.0000000000000000    0.0000000000000000    0.0000000000000000 1261229048.0000 
1261229049.0000      0.6409155609495111     -0.0781888888048105               66.600000    1    9    0.000000    0.000000      6.2535122713203446     97.8531076289824568      3.3845628959773109  10826 5102931.2089835004881024 -399807.5946871193009429 3792727.6394640835933387    0.0000000000000000    0.0000000000000000    0.0000000000000000    0.0000000000000000    0.0000000000000000    0.0000000000000000    0.0000000000000000    0.0000000000000000    0.0000000000000000 1261229049.0000 
1261229050.0000      0.6409161427259285     -0.0781895869365113               66.400000    1    7    0.000000    0.000000      2.6800754456144222    101.5515599789343071      3.1726119592551285  11215 5102928.5649876622483134 -399810.9719186258735135 3792730.4849020270630717    0.0000000000000000    0.0000000000000000    0.0000000000000000    0.0000000000000000    0.0000000000000000    0.0000000000000000    0.0000000000000000    0.0000000000000000    0.0000000000000000 1261229050.0000 
1261229051.0000      0.6409168990352710     -0.0781901105352869               67.400000    1    6    0.000000    0.000000     -0.0000000000255032    106.3636229782868554      4.1570632482520580  11604 5102926.2881696652621031 -399813.4818192365346476 3792734.9373617717064917    0.0000000000000000    0.0000000000000000    0.0000000000000000    0.0000000000000000    0.0000000000000000    0.0000000000000000    0.0000000000000000    0.0000000000000000    0.0000000000000000 1261229051.0000 
1261229052.0000      0.6409177716998969     -0.0781903723346747               68.100000    1    5    0.000000    0.000000     -1.3400364583063702    111.9145382851373824      4.8391194830329027  11995 5102923.4352760314941406 -399814.6024386686622165 3792739.8034453266300261    0.0000000000000000    0.0000000000000000    0.0000000000000000    0.0000000000000000    0.0000000000000000    0.0000000000000000    0.0000000000000000    0.0000000000000000    0.0000000000000000 1261229052.0000 
1261229053.0000      0.6409186443645231     -0.0781904305123164               68.800000    1    5    0.000000    0.000000     -1.6378214558411806    117.4654547930424684      5.5211709430912990  12388 5102920.6637886045500636 -399814.6839906646055169 3792744.6695270040072501    0.0000000000000000    0.0000000000000000    0.0000000000000000    0.0000000000000000    0.0000000000000000    0.0000000000000000    0.0000000000000000    0.0000000000000000    0.0000000000000000 1261229053.0000 
